0 334 500 3 0
1 211 124 2
1 211 161 2
1 211 87 1
1 264 124 2
1 264 161 2
1 264 87 1
1 317 124 2
1 317 161 2
1 317 87 1
1 370 87 1
1 423 124 2
1 423 161 2
1 423 87 1
1 476 124 2
1 476 161 2
1 476 87 1
1 529 124 2
1 529 161 2
1 529 87 1
1 582 124 2
1 582 161 2
1 582 87 1
1 635 124 2
1 635 161 2
1 635 87 1
1 688 124 2
1 688 161 2
1 688 87 1
1 741 124 2
1 741 161 2
1 741 87 1
2 211 50 0 129
2 264 50 0 50
2 317 50 0 66
2 370 50 0 145
2 423 50 0 83
2 476 50 0 100
2 529 50 0 184
2 582 50 0 123
2 635 50 0 54
2 688 50 0 174
2 741 50 0 155
4 266 400 3
4 444 400 4
4 622 400 4
4 88 400 4
5 800 10 1 219
6 251 598 b
6 420 530 b
6 218 506 b
6 589 456 b
6 395 193 r
6 407 314 b
6 248 311 b
6 395 239 r
6 395 284 r
6 321 184 b
6 413 346 r
6 379 395 r
6 384 68 b
6 341 64 b
6 500 58 b
7 20