0 364 500 3 0
1 161 124 2
1 161 161 2
1 161 87 1
1 214 124 2
1 214 161 2
1 214 87 1
1 267 124 2
1 267 161 2
1 267 87 1
1 320 124 2
1 320 161 2
1 320 87 1
1 373 124 2
1 373 161 2
1 373 87 1
1 426 124 2
1 426 161 2
1 426 87 1
1 479 124 2
1 479 161 2
1 479 87 1
1 532 124 2
1 532 161 2
1 532 87 1
1 585 124 2
1 585 161 2
1 585 87 1
1 638 124 2
1 638 161 2
1 638 87 1
1 691 124 2
1 691 161 2
1 691 87 1
2 161 50 0 129
2 214 50 0 50
2 267 50 0 66
2 320 50 0 145
2 373 50 0 83
2 426 50 0 100
2 479 50 0 184
2 532 50 0 123
2 585 50 0 54
2 638 50 0 174
2 691 50 0 155
4 266 400 4
4 444 400 4
4 622 400 4
4 88 400 4
5 800 10 1 219
6 559 349 b
6 251 266 b
6 420 198 b
6 218 174 b
6 589 124 b
7 0