0 400 500 3 0
1 131 124 2
1 131 161 2
1 131 87 1
1 184 124 2
1 184 161 2
1 184 87 1
1 237 124 2
1 237 161 2
1 237 87 1
1 290 124 2
1 290 161 2
1 290 87 1
1 343 124 2
1 343 161 2
1 343 87 1
1 396 124 2
1 396 161 2
1 396 87 1
1 449 124 2
1 449 161 2
1 449 87 1
1 502 124 2
1 502 161 2
1 502 87 1
1 555 124 2
1 555 161 2
1 555 87 1
1 608 124 2
1 608 161 2
1 608 87 1
1 661 124 2
1 661 161 2
1 661 87 1
2 1 131 50 0 129
2 1 184 50 0 50
2 1 237 50 0 66
2 1 290 50 0 145
2 1 343 50 0 83
2 1 396 50 0 100
2 1 449 50 0 184
2 1 502 50 0 123
2 1 555 50 0 54
2 1 608 50 0 174
2 1 661 50 0 155
4 266 400 4
4 444 400 4
4 622 400 4
4 88 400 4
5 800 10 1 219
6 559 202 b
6 251 119 b
6 420 51 b
7 0