0 136 500 3 0
1 81 149 2
1 81 186 2
1 81 112 1
1 134 149 2
1 134 186 2
1 134 112 1
1 187 149 2
1 187 186 2
1 187 112 1
1 240 149 2
1 240 186 2
1 240 112 1
1 293 149 2
1 293 186 2
1 293 112 1
1 346 149 2
1 346 186 2
1 346 112 1
1 399 149 2
1 399 186 2
1 399 112 1
1 452 149 2
1 452 112 1
1 558 149 2
1 558 186 2
1 611 149 2
1 611 186 2
1 611 112 1
2 81 75 0 129
2 134 75 0 50
2 187 75 0 66
2 240 75 0 145
2 293 75 0 83
2 346 75 0 100
2 399 75 0 184
2 452 75 0 123
2 558 75 0 174
2 611 75 0 155
4 444 400 1
4 622 400 1
4 88 400 4
5 800 10 1 219
6 344 591 b
6 281 525 b
6 622 297 b
6 178 203 b
6 655 176 b
6 178 163 b
6 158 93 b
6 317 86 b
7 100