0 406 500 3 0
1 21 224 2
1 21 261 2
1 21 187 1
1 74 224 2
1 74 261 2
1 74 187 1
1 127 187 1
1 180 187 1
1 286 224 2
1 286 261 2
1 286 187 1
1 339 187 1
1 445 224 2
1 445 261 2
1 445 187 1
1 498 224 2
1 498 261 2
1 498 187 1
1 551 224 2
1 551 261 2
1 551 187 1
2 21 150 0 34226
2 74 150 0 34226
2 127 150 0 9676
2 180 150 0 32119
2 286 150 0 33151
2 339 150 0 33307
2 392 150 0 30574
2 445 150 0 29710
2 498 150 0 14747
2 551 150 0 33377
4 88 400 2
5 800 10 0 219
6 340 498 r
6 393 481 r
6 605 473 r
6 65 375 r
7 170