0 382 500 1 0
1 111 174 2
1 111 211 2
1 111 137 1
1 164 174 2
1 164 211 2
1 164 137 1
1 217 174 2
1 217 211 2
1 217 137 1
1 270 137 1
1 323 174 2
1 323 211 2
1 323 137 1
1 376 174 2
1 376 211 2
1 376 137 1
1 429 174 2
1 429 211 2
1 429 137 1
1 482 174 2
1 482 137 1
1 535 174 2
1 535 211 2
1 535 137 1
1 588 174 2
1 588 211 2
1 588 137 1
1 641 174 2
1 641 211 2
1 641 137 1
2 111 100 0 129
2 164 100 0 50
2 217 100 0 66
2 270 100 0 145
2 323 100 0 83
2 376 100 0 100
2 429 100 0 184
2 482 100 0 123
2 535 100 0 54
2 588 100 0 174
2 641 100 0 155
5 800 10 1 219
6 257 589 b
6 151 556 b
6 320 540 b
6 108 501 b
6 254 306 b
6 317 239 b
6 529 236 b
6 370 228 b
7 30