0 170 500 3 0
1 330 174 2
1 330 211 2
1 330 137 1
1 383 174 2
1 383 137 1
1 436 174 2
1 436 211 2
1 436 137 1
1 489 174 2
1 489 211 2
1 489 137 1
1 542 174 2
1 542 211 2
1 542 137 1
1 595 174 2
1 595 211 2
1 595 137 1
1 648 174 2
1 648 211 2
1 648 137 1
1 701 174 2
1 701 211 2
1 701 137 1
2 330 100 0 145
2 383 100 0 83
2 436 100 0 100
2 489 100 0 184
2 542 100 0 123
2 595 100 0 54
2 648 100 0 174
2 701 100 0 155
5 800 10 0 219
6 35 41 r
6 390 507 b
6 35 87 r
6 35 133 r
6 294 431 b
6 35 181 r
6 35 227 r
6 35 273 r
6 344 189 b
6 460 123 b
6 725 123 b
6 460 107 b
7 420