0 300 500 3 0
1 131 149 2
1 131 186 2
1 131 112 1
1 184 149 2
1 184 186 2
1 184 112 1
1 237 149 2
1 237 186 2
1 237 112 1
1 290 149 2
1 290 112 1
1 343 149 2
1 343 112 1
1 396 149 2
1 396 112 1
1 449 149 2
1 449 186 2
1 449 112 1
1 502 149 2
1 502 112 1
1 555 149 2
1 555 112 1
1 608 149 2
1 608 186 2
1 608 112 1
1 661 149 2
1 661 186 2
1 661 112 1
2 131 75 0 129
2 184 75 0 50
2 237 75 0 66
2 290 75 0 145
2 343 75 0 83
2 396 75 0 100
2 449 75 0 184
2 502 75 0 123
2 555 75 0 54
2 608 75 0 174
2 661 75 0 155
4 444 400 3
4 622 400 2
4 88 400 4
5 800 10 0 219
6 245 571 b
6 765 512 b
6 377 183 r
6 248 306 b
6 619 281 b
6 309 283 r
6 344 259 b
6 281 193 b
7 50