0 400 500 3 0
1 121 124 2
1 121 161 2
1 121 87 1
1 174 124 2
1 174 161 2
1 174 87 1
1 227 124 2
1 227 161 2
1 227 87 1
1 280 124 2
1 280 161 2
1 280 87 1
1 333 124 2
1 333 161 2
1 333 87 1
1 386 124 2
1 386 161 2
1 386 87 1
1 439 124 2
1 439 161 2
1 439 87 1
1 492 124 2
1 492 161 2
1 492 87 1
1 545 124 2
1 545 161 2
1 545 87 1
1 598 124 2
1 598 161 2
1 598 87 1
1 651 124 2
1 651 161 2
1 651 87 1
2 121 50 0 129
2 174 50 0 50
2 227 50 0 66
2 280 50 0 145
2 333 50 0 83
2 386 50 0 100
2 439 50 0 184
2 492 50 0 123
2 545 50 0 54
2 598 50 0 174
2 651 50 0 155
4 266 400 4
4 444 400 4
4 622 400 4
4 88 400 4
5 800 10 1 219
6 559 114 b
7 0