0 384 500 3 0
1 51 199 2
1 51 236 2
1 51 162 1
1 104 199 2
1 104 162 1
1 157 199 2
1 157 162 1
1 210 162 1
1 263 162 1
1 369 236 2
1 369 162 1
1 422 199 2
1 422 236 2
1 422 162 1
1 475 199 2
1 475 236 2
1 475 162 1
1 528 199 2
1 528 236 2
1 528 162 1
1 581 199 2
1 581 236 2
1 581 162 1
2 51 125 0 129
2 104 125 0 50
2 157 125 0 66
2 210 125 0 145
2 263 125 0 83
2 369 125 0 184
2 422 125 0 123
2 475 125 0 54
2 528 125 0 174
2 581 125 0 155
5 800 10 0 219
6 579 553 b
6 347 457 b
6 327 331 b
6 221 330 b
6 211 282 b
6 321 339 r
6 148 258 b
6 201 258 b
6 254 229 b
7 140